20392
11492
5584
5563
5764
5544
5513
5781
6230
6880
5581
5603
5756
6343
11498
5576
7777
6582
6565
5844
12737
6620
5856
5881
6335
5636
5925
6584
9417
7266
7514
5852
12174
7173
8572
8818
5709
5665
5844
8448
5751
13533
12057
8510
5590
5648
5822
5915
6276
5464
5579
11992
8303
5683
9814
5635
9490
5435
13393
12351
8129
6874
5636
5564
6151
8464
8579
9419
5646
7653
9687
5595
6107
5420
7305
5681
5965
5899
5544
6065
5899
6629
5795
7451
13116
5798
5834
5853
5563
5761
5563
9169
8085
5873
5808
5576
11597
11136
13330
5599
5492
5505
9184
6446
8817
6992
7831
7170
8736
8813
10044
5738
6850
7948
7197
5551
5469
6078
5501
11597
5812
9486
5668
6440
7409
8930
5622
6521
5547
13206
5610
9135
12369
8827
12561
13800
6302
6472
21178
6028
5684
6922
6118
8692
12066
10724
12543
10334
5815
6135
5702
9488
5972
10031
5676
5690
5587
12722
11947
7381
5438
11852
9105
6139
5627
9792
11457
7292
5572
5642
9483
7485
5868
5588
5672
8917
7293
5890
5795
5704
5574
15669
9455
5558
5645
8015
5753
5729
5740
5537
9395
5691
6797
5621
5647
10532
5650
6560
5626
5950
5557
8500
5986
5570
7951
5613
5831
12504
5576
5288
5951
6227
5690
9134
5841
5727
8317
6183
7227
5828
7437
7245
5783
7703
17371
6135
6953
6068
6786
6260
9178
11101
7072
8831
9506
5669
5648
5899
6335
5776
5993
5618
6939
7160
5735
10663
5818
5755
11940
6455
7884
11481
5388
5842
11843
5796
5811
6069
5828
6920
8067
12666
6023
5977
13305
5930
9397
5456
5781
8218
5835
5744
6589
5666
5263
5892
9404
7245
9017
5407
8894
8702
7000
6261
6252
6807
5376
5305
5841
5513
6912
5500
5458
7266
7782
11026
7655
5505
10078
7523
9415
9697
8205
6814
6460
7272
6741
6910
5497
5998
8425
5470
5243
11455
5529
7018
5662
5600
6687
5748
5649
6137
6634
5755
5733
5635
5663
5727
5474
5546
5882
5594
5608
5412
6507
6378
6305
9323
5649
13443
5661
13715
7040
7719
5541
6383
5424
7452
5862
5667
8352
8834
7296
6101
7007
7798
15811
7375
8063
5521
8574
5945
5623
6487
6712
5672
5914
6246
6042
8359
5704
8800
6211
7688
8375
6076
9487
11599
6080
9087
5834
5705
11983
5790
8496
5505
6430
5703
8076
5520
5713
5889
8587
14345
7041
5934
6067
8631
5714
5932
5760
5952
8359
12113
6070
5775
10664
7262
11156
9550
11772
5890
7523
7024
6324
10246
5880
8019
9518
5794
5533
5727
5917
5729
5664
6097
5847
5863
5662
9080
10245
5394
7316
7446
6483
6753
5616
16897
9789
6229
5600
7420
5492
5907
11299
7199
5861
12408
6449
5825
5823
7906
6247
7085
6862
8168
11617
14991
6345
5504
6235
6184
10613
5704
6293
5567
9487
7213
7409
8379
9094
9329
8739
5703
5897
9417
11831
7320
5886
5582
5730
6673
5735
6739
6431
7033
6091
7524
6460
6137
5792
8825
8927
6002
6040
5515
6069
5863
5963
6303
5809
11999
13280
5412
6710
6069
5577
8899
6457
13665
6067
7179
7833
6433
5798
7322
5680
5760
7021
6036
5580
12688
6287
6386
5658
5652
6046
9440
6275
5509
5960
5864
6112
5958
11000
6746
5937
5943
5858
5807
9721
5417
5511
5232
5939
5380
9802
8372
5946
11761
5725
5131
5888
11696
5273
11818
10961
6264
18477
5392
6012
11406
6572
5567
7250
6332
11556
5497
5767
5531
6177
5548
13218
11344
6076
12067
11845
6011
5794
5332
7457
5353
5791
8885
5760
11763
5538
8869
6803
5547
6779
6847
6537
6590
7261
8287
12384
5748
7735
5679
8978
7162
9863
5912
5229
13090
5923
5504
7102
8178
6973
5751
5754
14901
5634
5616
5779
13643
6497
5601
5852
11480
11282
5933
5858
10237
5815
5990
5800
11663
7057
6105
6141
5848
5709
5682
6047
6245
5413
7835
12878
11944
11260
6033
11585
5487
16660
14171
5465
5554
5786
5656
6506
5485
5732
7710
11285
5616
6313
7783
7891
10930
7214
5671
5599
6112
5624
6013
8299
6552
13031
6812
6090
5658
11310
6608
5496
6119
5474
5740
5672
5823
5458
5792
5656
9158
11778
6029
5848
9413
6754
5738
5709
6034
7289
9506
13592
5539
11128
5453
6486
5658
7389
5657
5703
5760
6013
6175
6098
6521
5458
12648
5483
7369
5603
5525
6227
5870
5440
8528
5730
6676
5477
5818
6624
7651
12586
8354
5664
5654
20697
11633
5868
8316
5591
5440
6796
8042
5547
5521
5578
6520
6907
6725
6829
5382
5861
12381
5622
8908
5589
5536
7180
5710
9353
14328
5582
5537
8564
11793
6480
8395
5918
6381
12049
6002
5697
7612
6770
5801
6958
5918
6950
7274
7291
5818
5331
5511
5643
5657
7259
12025
6191
7971
8559
12557
5432
5497
5450
7283
6119
10202
5847
5495
6303
7110
5428
7141
7099
13951
5813
6545
5439
6855
5710
9517
11013
7977
7667
8830
9448
5963
5546
13017
5606
11333
9181
5761
5581
7833
8936
7801
8620
6234
5563
6449
12137
5748
12170
5785
9840
6008
5508
6252
5929
20267
8362
5527
6024
11468
11462
11373
11423
11618
6104
5449
7796
6539
11357
6020
5578
5958
12120
5683
11609
6020
5500
6183
6212
5813
5571
6123
6018
7934
6132
6178
5532
9526
5452
6044
6545
6529
6383
12542
12224
5980
6064
7001
6253
6436
5740
6519
6346
7362
6437
8049
8997
6832
8920
7021
5730
5485
6321
5808
6757
5784
5978
8218
5913
6347
5430
8695
9139
6093
6709
6590
5479
10129
5470
5506
7319
9306
5872
6203
6935
8638
6093
5679
6200
5539
7833
8441
11939
5740
7468
6100
6354
6649
5568
5824
5738
5794
5658
9212
5571
6211
10852
6048
12186
11483
7024
9392
9532
7114
5961
7299
10693
9693
5734
9958
9000
5188
6191
6915
5934
6920
13063
11996
8175
7304
8160
6555
8662
6115
6017
