397754
22874
13099
10729
19412
17985
17834
19197
13093
15717
16007
15420
14971
19210
18734
18063
12041
15111
15467
12379
17838
15862
17385
19198
18652
11069
15431
15391
13242
14507
14547
13586
13894
15216
14519
14996
19171
17571
15426
14725
15067
22811
19004
18825
15213
10256
18110
16277
11833
17442
40360
12128
10633
19157
16935
18410
14752
11903
12937
12642
11725
13571
16410
16258
11522
10597
10493
15708
13316
10539
15136
16853
18835
18765
15062
18467
17491
14389
16377
12447
16180
26327
20051
13112
14182
14934
18905
13669
14680
16528
15192
13901
13337
17564
12167
14460
18497
17045
10371
11954
13518
16521
13826
14012
14401
13155
13315
14179
13820
15130
14483
18256
17835
13453
17945
16105
17415
19412
18095
17245
14105
12028
10492
14292
18678
13897
15647
18099
23533
19566
18722
14066
19344
13412
16700
17984
17840
15383
12999
13874
12256
13596
13729
16092
19587
16346
17314
11914
17377
18112
18185
13554
17749
14605
18168
16086
17876
17009
12655
14041
19122
18158
18247
17188
23109
18244
24402
12480
11068
16253
18085
12034
19288
18419
17174
14052
18390
15799
17821
17180
19089
15868
18500
16539
25895
12967
15013
17792
18422
16922
19939
11955
15170
14027
16571
17320
18567
14619
17119
14619
15788
10771
10553
17641
12678
16934
19992
16213
18961
13276
19698
16846
18033
12064
18253
34551
12280
17993
10364
10945
10962
14138
11504
16252
16155
15118
19927
14013
18950
16766
12924
12449
14805
15776
10295
10295
10397
10460
10528
10363
10740
20255
18419
16173
13977
10804
10522
10422
14026
10180
12872
10317
11541
10935
15168
10585
10754
10860
11707
17375
19214
17670
16129
15392
17076
17048
12984
28605
18155
17183
18744
16978
10725
18759
17323
17658
17433
19602
13651
17806
17380
14153
20772
13034
15477
10346
11749
11724
16511
13018
13656
12384
24373
21309
10520
15860
10367
18190
13790
15978
14805
13971
17789
11611
12935
13002
15004
16798
17001
10454
10177
15420
18489
18468
15931
13043
15583
25454
14347
10685
11187
10781
18065
14881
17746
18676
17690
22125
11103
10581
17968
16352
18243
14164
12048
22148
10630
15185
16317
17830
10432
13384
24894
19347
18672
12816
22721
10685
17511
18574
19233
13715
15672
11366
15551
20369
12289
17441
18506
17946
12538
16935
18560
15361
18259
18115
13201
11170
10758
24408
16160
13573
15017
14502
14112
17371
14182
16099
19621
13212
16416
19730
20590
16315
11020
10402
11976
14270
19433
16969
18651
19888
17111
19173
10962
18501
21196
17993
18365
18364
15307
18599
19447
15535
18457
17868
13380
12767
15712
17959
17167
17571
13111
19678
11369
17360
17206
12981
15623
17547
18239
17858
15513
18261
17642
18020
17932
18735
16180
16293
13576
16070
13797
16305
11246
15021
21875
12424
14062
18418
13377
12430
14676
17298
14318
15735
17177
20378
14953
15374
18188
12610
14863
15494
18474
12559
15783
18552
13096
15972
19605
20062
13169
21484
18697
12012
14251
14015
13295
14189
13568
18716
16461
17678
17887
14103
20149
17603
16981
20704
13777
18761
15120
11430
14087
14314
14111
10568
12269
11141
21455
11099
16735
17235
12645
10574
11671
11454
19010
19865
22094
11689
12866
16662
18697
18986
18876
18763
17015
10527
16846
15933
11163
11179
17842
25037
15211
16257
11591
15486
14668
15974
11285
17765
16978
16016
20122
10498
15639
12495
14941
15572
18486
11197
10529
16671
19105
17955
18718
18433
13563
10737
10449
18061
20582
18944
14273
12959
17933
11550
19545
14182
17979
18129
25562
18200
15514
11782
10879
10562
18064
13046
11950
16547
14997
18416
15804
18516
12131
18383
16772
18110
16398
18155
11919
13070
16857
19027
17397
18855
18401
13142
17513
13040
17265
18863
17725
11724
10763
13695
21527
16096
13325
12411
14373
14248
14323
18098
11849
18732
18424
11608
14750
18329
16616
15551
19419
11456
17095
14437
17319
17967
18486
10462
16641
23245
17157
14208
18549
13305
17763
13907
11964
12013
16282
16596
18774
18264
20699
17183
15209
11668
16291
17025
11609
18816
16780
12560
24993
18401
16688
19644
18098
13804
17408
19730
18620
16864
14807
16711
16876
18988
11549
10352
26536
15751
14975
11400
17407
20315
28091
20019
12393
10939
18455
17905
17604
18677
14039
15148
15090
11182
15545
14735
17297
14306
13327
13696
20423
16379
16768
17792
19789
14284
18042
12739
15057
14954
16101
13799
15013
18217
19380
14728
21293
18138
18115
15689
17874
16129
18882
17375
13891
18132
18351
19045
18033
10552
20177
10187
14124
18287
17307
12201
16645
18001
18925
11697
17348
17966
15890
11556
17736
18073
17123
18258
18923
13020
16283
17304
15708
18641
18770
12576
10272
19241
17795
14939
17710
17472
18075
12489
13244
13140
11858
11547
18650
17297
19921
13962
15595
29223
17333
15026
18746
13924
16815
17910
15170
10305
15672
15041
16782
18557
11581
12171
17550
12810
15578
11363
15091
11332
14707
10723
12498
13749
15149
12823
15957
14037
14125
18384
18495
15044
14948
14778
11924
15519
13323
13098
19803
11626
12142
15239
11572
15517
11802
17758
16178
16874
16374
14103
26783
14889
15222
18618
14518
13865
14604
14467
16901
12586
19456
18651
19106
16856
13240
15280
15395
14236
14521
15427
15880
11361
14566
13591
17428
19773
18151
18414
19789
19558
11055
16134
12650
10560
11866
16545
18059
18968
17230
11927
18741
18320
17675
18012
12439
10241
13025
10620
10963
12184
18137
17925
15142
18008
20628
11254
15422
14655
16887
13026
13858
12827
12586
16741
19422
18018
17234
18394
11506
14813
16673
20018
19260
18538
18239
10835
19267
22346
15286
14560
14504
15307
24775
17146
14257
16327
14765
13951
17721
18195
18346
17995
19103
17218
28560
15043
16963
11600
16096
15156
19157
14484
12397
15810
10237
12927
16975
11049
12784
15440
14438
12350
18047
13045
14604
18942
15372
14823
18213
19633
18136
17850
18187
18162
17120
31342
10880
10406
10982
11219
23539
10911
19420
17028
16624
18494
17835
16794
18440
19723
13215
15685
23134
16129
11435
19233
18761
19329
10549
11242
13026
15994
20177
18230
22573
18176
17152
17309
17920
19108
16812
11705
10790
